P M PRE,POST
1 0   19 18 , 
2 4 , 19 1
3 0   12 11 9 8 , 22 21
4 3   20 21 , 21 22
5 0   5 3 , 5 4
6 1   4 27 45 33 39 , 3 15 31 38 44
7 0   47 48 , 14 13 10 6
8 0   19 1 , 12 11 7 2
9 1   23 28 31 34 38 41 44 10 46 6 3 15 , 17 16 4 24 27 30 33 36 39 42 45 48
10 0  13 6 , 11 8
11 0  14 10 , 12 9
12 1  11 8 , 13 6
13 1  12 9 , 14 10
14 1  22 18 7 2 , 20 9 8 1
15 1  16 8 , 6 2
16 1  17 9 , 10 7
17 0  5 4 , 23 25
18 0  11 2 , 16 13
19 0  24 25 , 15 26
20 0  12 7 , 17 14
21 1  16 13 , 11 2
22 1  17 14 , 12 7
23 0  17 16 14 13 , 5 3
24 0  21 20 , 19 18
25 0  22 21 , 21 20
26 1  24 30 36 42 48 , 23 28 34 41 46
27 0  23 25 , 24 25
28 0  15 26 , 26 27
29 0  27 26 , 28 29
30 0  28 29 , 30 29
31 0  30 29 , 31 32
32 0  31 32 , 32 33
33 0  33 32 , 34 35
34 0  34 35 , 36 35
35 0  35 36 , 37 38
36 0  37 38 , 39 37
37 0  37 39 , 40 41
38 0  40 41 , 40 42
39 0  40 42 , 43 44
40 0  43 44 , 43 45
41 0  43 45 , 46 47
42 0  46 47 , 47 48
@

ptime:3-15 5-2690 6-40 7-25 8-15 9-25 10-120 11-120 12-160 13-295 14-15 17-25 18-210 19-25 20-340 21-120 22-120 23-25 24-15 25-460 26-40 27-2170 28-3445 29-25 30-2120 31-25 32-4035 33-25 34-1440 35-25 36-2260 37-25 38-3660 39-25 40-2540 41-25 42-3455

ttime:1-45 2-45 3-86 4-86 5-175 6-86 7-45 8-45 9-45 10-86 11-100 12-100 13-175 14-175 15-86 16-86 17-86 18-45 19-90 20-47 21-89 22-42 23-86 24-86 25-175 26-175 27-86 28-86 29-175 30-86 31-86 32-175 33-86 34-86 35-175 36-86 37-175 38-86 39-86 40-175 41-86 42-86 43-175 44-86 45-86 46-86 47-175 48-86

goalPlace:1-4

residenceTime: 5-1600 27-1600 28-1600 30-1600 32-1600 34-1600 36-1600 38-1600 40-1600 42-1600 17-1000 19-1000 29-1000 31-1000 33-1000 35-1000 37-1000 39-1000 41-1000

