P M PRE,POST
1 0  19 18 ,
2 9 , 19 1
3 0  12 11 9 8 , 22 21
4 3  20 21 , 21 22
5 0  5 3 , 5 4
6 1  4 , 3
7 0  5 4 24 25 28 29 , 14 13 10 6
8 0  19 1 , 12 11 7 2
9 1  10 6 3 23 27 , 17 16 4 24 28
10 0  13 6 , 11 8
11 0  14 10 , 12 9
12 1  11 8 , 13 6
13 1  12 9 , 14 10
14 1  22 18 7 2 , 20 9 8 1
15 1  16 8 , 6 2
16 1  17 9 , 10 7
18 0  11 2 , 16 13
20 0  12 7 , 17 14
21 1  16 13 , 11 2
22 1  17 14 , 12 7
23 0  17 16 14 13 , 5 3 23 25 27 29
24 0  21 20 , 19 18
25 0  22 21 , 21 20
26 1 24 , 23
27 0 23 25 , 24 25
29 1  28 , 27
30 0  27 29 , 28 29
@

ptime: 3-15 5-3290 6-40 7-20 8-20 9-35 10-120 11-90 12-160 13-270 14-15 18-270 20-320 21-75 22-170 23-25 24-10 25-930 26-55 27-2710 29-25 30-2710

ttime: 1-45 2-37 3-86 4-86 5-90 6-86 7-28 8-43 9-45 10-86 11-67 12-78 13-213 14-95 16-65 17-85 18-58 19-132 20-47 21-81 22-47 23-86 24-113 25-237 27-86 28-86 29-110

goalPlace:1-9

residenceTime: 5-800 27-2100 30-1600
