P M PRE,POST
1 0  19 18 ,
2 16 , 19 1
3 0  12 11 9 8 , 22 21
4 3  20 21 , 21 22
5 0  5 3 , 5 4
6 1  4 , 3
7 0  5 4 24 25 28 29 , 14 13 10 6
8 0  19 1 , 12 11 7 2
9 1  10 6 3 23 27 , 17 16 4 24 28
10 0  13 6 , 11 8
11 0  14 10 , 12 9
12 1  11 8 , 13 6
13 1  12 9 , 14 10
14 1  22 18 7 2 , 20 9 8 1
15 1  16 8 , 6 2
16 1  17 9 , 10 7
18 0  11 2 , 16 13
20 0  12 7 , 17 14
21 1  16 13 , 11 2
22 1  17 14 , 12 7
23 0  17 16 14 13 , 5 3 23 25 27 29
24 0  21 20 , 19 18
25 0  22 21 , 21 20
26 1 24 , 23
27 0 23 25 , 24 25
29 1  28 , 27
30 0  27 29 , 28 29
@

ptime: 3-20 5-2780 6-20 7-20 8-15 9-30 10-120 11-120 12-255 13-270 14-15 18-270 20-205 21-125 22-120 23-25 24-15 25-640 26-35 27-2855 29-40 30-2710

ttime: 1-56 2-45 3-95 4-53 5-190 6-108 7-23 8-64 9-39 10-86 11-100 12-63 13-181 14-221 16-86 17-87 18-45 19-90 20-47 21-97 22-59 23-119 24-86 25-111 27-86 28-86 29-192

goalPlace:1-16

residenceTime: 5-1600 27-1600 30-2000
