P M PRE,POST
1 0  19 18 ,
2 9 , 19 1
3 0  12 11 9 8 , 22 21
4 3  20 21 , 21 22
5 0  5 3 , 5 4
6 1  4 , 3
7 0  5 4 24 25 28 29 , 14 13 10 6
8 0  19 1 , 12 11 7 2
9 1  10 6 3 23 27 , 17 16 4 24 28
10 0  13 6 , 11 8
11 0  14 10 , 12 9
12 1  11 8 , 13 6
13 1  12 9 , 14 10
14 1  22 18 7 2 , 20 9 8 1
15 1  16 8 , 6 2
16 1  17 9 , 10 7
17 3  15 : 3 , 5 3
18 0  11 2 , 16 13
19 0  4 5 , 15 : 3
20 0  12 7 , 17 14
21 1  16 13 , 11 2
22 1  17 14 , 12 7
23 0  17 16 14 13 , 5 3 23 25 27 29
24 0  21 20 , 19 18
25 0  22 21 , 21 20
26 1 24 , 23
27 0 23 25 , 24 25
28 0 24 25 , 26 : 3
29 1  28 , 27
30 0  27 29 , 28 29
31 3 30 : 3 , 27 29
32 0 28 29 , 30 : 3
33 3 26 : 3 , 23 25
@

ptime: 3-20 5-1845 6-25 7-30 8-20 9-30 10-120 11-160 12-270 13-330 14-10 18-300 20-405 21-120 22-110 23-25 24-15 25-640 26-40 27-2710 29-50 30-3470

ttime: 1-45 2-38 3-108 4-86 5-175 6-85 7-45 8-34 9-51 10-47 11-100 12-100 13-103 14-175 16-113 17-62 18-45 19-91 20-32 21-80 22-38 23-118 24-123 25-225 27-86 28-83 29-175 15-3196 26-3200 30-3200

goalPlace:1-9

residenceTime: 5-1000 27-900 30-1600
