P M PRE,POST
1 0  19 18 ,
2 4 , 19 1
3 0  12 11 9 8 , 22 21
4 3  20 21 , 21 22
5 0  5 3 , 5 4
6 1  4 , 3
7 0  5 4 24 25 28 29 , 14 13 10 6
8 0  19 1 , 12 11 7 2
9 1  10 6 3 23 27 , 17 16 4 24 28
10 0  13 6 , 11 8
11 0  14 10 , 12 9
12 1  11 8 , 13 6
13 1  12 9 , 14 10
14 1  22 18 7 2 , 20 9 8 1
15 1  16 8 , 6 2
16 1  17 9 , 10 7
17 3  15 : 3 , 5 3
18 0  11 2 , 16 13
19 0  4 5 , 15 : 3
20 0  12 7 , 17 14
21 1  16 13 , 11 2
22 1  17 14 , 12 7
23 0  17 16 14 13 , 5 3 23 25 27 29
24 0  21 20 , 19 18
25 0  22 21 , 21 20
26 1 24 , 23
27 0 23 25 , 24 25
28 0 24 25 , 26 : 3
29 1  28 , 27
30 0  27 29 , 28 29
31 3 30 : 3 , 27 29
32 0 28 29 , 30 : 3
33 3 26 : 3 , 23 25
@

ptime: 3-15 5-3440 6-40 7-30 8-20 9-25 10-120 11-120 12-260 13-345 14-15 18-245 20-340 21-160 22-135 23-20 24-20 25-640 26-25 27-2515 29-40 30-1435

ttime: 1-66 2-40 3-86 4-98 5-199 6-86 7-45 8-45 9-55 10-118 11-129 12-63 13-175 14-175 16-44 17-87 18-31 19-90 20-32 21-89 22-42 23-86 24-50 25-145 27-106 28-86 29-137 15-3200 26-2804 30-4441

goalPlace:1-4

residenceTime: 5-1600 27-1700 30-1900
