P M PRE,POST
1 0  19 18 ,
2 4 , 19 1
3 0  12 11 9 8 , 22 21
4 3  20 21 , 21 22
5 0  5 3 , 5 4
6 1  4 , 3
7 0  5 4 , 14 13 10 6
8 0  19 1 , 12 11 7 2
9 1  10 6 3 , 17 16 4
10 0  13 6 , 11 8
11 0  14 10 , 12 9
12 1  11 8 , 13 6
13 1  12 9 , 14 10
14 1  22 18 7 2 , 20 9 8 1
15 1  16 8 , 6 2
16 1  17 9 , 10 7
18 0  11 2 , 16 13
20 0  12 7 , 17 14
21 1  16 13 , 11 2
22 1  17 14 , 12 7
23 0  17 16 14 13 , 5 3
24 0  21 20 , 19 18
25 0  22 21 , 21 20
@

ptime: 3-15 5-1655 6-40 7-35 8-15 9-30 10-120 11-120 12-270 13-305 14-20 18-360 20-270 21-110 22-120 23-15 24-15 25-375

ttime: 1-67 2-24 3-127 4-74 5-175 6-86 7-27 8-45 9-41 10-128 11-56 12-74 13-209 14-175 16-86 17-86 18-62 19-119 20-30 21-89 22-42

goalPlace:1-4

residenceTime: 5-1600
