P M PRE,POST
1 0  19 18 ,
2 16 , 19 1
3 0  12 11 9 8 , 22 21
4 3  20 21 , 21 22
5 0  5 3 , 5 4
6 1  4 , 3
7 0  5 4 , 14 13 10 6
8 0  19 1 , 12 11 7 2
9 1  10 6 3 , 17 16 4
10 0  13 6 , 11 8
11 0  14 10 , 12 9
12 1  11 8 , 13 6
13 1  12 9 , 14 10
14 1  22 18 7 2 , 20 9 8 1
15 1  16 8 , 6 2
16 1  17 9 , 10 7
18 0  11 2 , 16 13
20 0  12 7 , 17 14
21 1  16 13 , 11 2
22 1  17 14 , 12 7
23 0  17 16 14 13 , 5 3
24 0  21 20 , 19 18
25 0  22 21 , 21 20
@

ptime: 3-20 5-2710 6-55 7-25 8-15 9-25 10-85 11-75 12-270 13-365 14-15 18-270 20-195 21-125 22-120 23-25 24-20 25-865

ttime: 1-45 2-32 3-120 4-59 5-175 6-45 7-46 8-45 9-45 10-86 11-56 12-99 13-241 14-175 16-86 17-86 18-38 19-76 20-56 21-60 22-29

goalPlace:1-16

residenceTime: 5-1100
