P M PRE,POST
1 0  19 18 ,
2 9 , 19 1
3 0  12 11 9 8 , 22 21
4 3  20 21 , 21 22
5 0  5 3 , 5 4
6 1  4 , 3
7 0  5 4 , 14 13 10 6
8 0  19 1 , 12 11 7 2
9 1  10 6 3 , 17 16 4
10 0  13 6 , 11 8
11 0  14 10 , 12 9
12 1  11 8 , 13 6
13 1  12 9 , 14 10
14 1  22 18 7 2 , 20 9 8 1
15 1  16 8 , 6 2
16 1  17 9 , 10 7
17 3  15 : 3 , 5 3
18 0  11 2 , 16 13
19 0  5 4 , 15 : 3
20 0  12 7 , 17 14
21 1  16 13 , 11 2
22 1  17 14 , 12 7
23 0  17 16 14 13 , 5 3
24 0  21 20 , 19 18
25 0  22 21 , 21 20
@

ptime: 3-15 5-2710 6-25 7-25 8-20 9-25 10-120 11-120 12-225 13-225 14-20 18-245 20-270 21-80 22-65 23-25 24-15 25-380

ttime: 1-29 2-45 3-110 4-109 5-167 6-48 7-46 8-62 9-46 10-106 11-100 12-100 13-175 14-175 15-2608 16-102 17-116 18-45 19-90 20-65 21-89 22-44

goalPlace:1-9

residenceTime: 5-1400
