P M PRE,POST
1 0   19 18 , 
2 9 , 19 1
3 0   12 11 9 8 , 22 21
4 3   20 21 , 21 22
5 0   5 3 , 5 4
6 1   4 27 45 33 39 , 3 15 31 38 44
7 0   47 48 , 14 13 10 6
8 0   19 1 , 12 11 7 2
9 1   23 28 31 34 38 41 44 10 46 6 3 15 , 17 16 4 24 27 30 33 36 39 42 45 48
10 0  13 6 , 11 8
11 0  14 10 , 12 9
12 1  11 8 , 13 6
13 1  12 9 , 14 10
14 1  22 18 7 2 , 20 9 8 1
15 1  16 8 , 6 2
16 1  17 9 , 10 7
17 0  5 4 , 23 25
18 0  11 2 , 16 13
19 0  24 25 , 15 26
20 0  12 7 , 17 14
21 1  16 13 , 11 2
22 1  17 14 , 12 7
23 0  17 16 14 13 , 5 3
24 0  21 20 , 19 18
25 0  22 21 , 21 20
26 1  24 30 36 42 48 , 23 28 34 41 46
27 0  23 25 , 24 25
28 0  15 26 , 26 27
29 0  27 26 , 28 29
30 0  28 29 , 30 29
31 0  30 29 , 31 32
32 0  31 32 , 32 33
33 0  33 32 , 34 35
34 0  34 35 , 36 35
35 0  35 36 , 37 38
36 0  37 38 , 39 37
37 0  37 39 , 40 41
38 0  40 41 , 40 42
39 0  40 42 , 43 44
40 0  43 44 , 43 45
41 0  43 45 , 46 47
42 0  46 47 , 47 48
@

ptime: 3-20 5-2710 6-40 7-25 8-15 9-15 10-130 11-120 12-370 13-200 14-15 17-25 18-180 19-25 20-270 21-120 22-115 23-15 24-15 25-765 26-30 27-2710 28-3595 29-35 30-2815 31-25 32-1410 33-15 34-3880 35-25 36-2710 37-20 38-3125 39-25 40-2710 41-20 42-2035

ttime: 1-45 2-45 3-64 4-98 5-210 6-86 7-29 8-37 9-63 10-86 11-55 12-100 13-200 14-175 15-122 16-82 17-86 18-56 19-76 20-47 21-114 22-42 23-84 24-86 25-179 26-175 27-104 28-120 29-143 30-86 31-108 32-239 33-91 34-59 35-175 36-63 37-175 38-86 39-80 40-175 41-43 42-86 43-212 44-111 45-93 46-86 47-175 48-47

goalPlace:1-9

residenceTime: 5-2300 27-1600 28-1100 30-2300 32-1600 34-2000 36-1600 38-900 40-1600 42-1100 17-600 19-1000 29-1000 31-600 33-800 35-1300 37-1300 39-1000 41-1000

