P M PRE,POST
1 0   19 18 , 
2 16 , 19 1
3 0   12 11 9 8 , 22 21
4 3   20 21 , 21 22
5 0   5 3 , 5 4
6 1   4 27 45 33 39 , 3 15 31 38 44
7 0   47 48 , 14 13 10 6
8 0   19 1 , 12 11 7 2
9 1   23 28 31 34 38 41 44 10 46 6 3 15 , 17 16 4 24 27 30 33 36 39 42 45 48
10 0  13 6 , 11 8
11 0  14 10 , 12 9
12 1  11 8 , 13 6
13 1  12 9 , 14 10
14 1  22 18 7 2 , 20 9 8 1
15 1  16 8 , 6 2
16 1  17 9 , 10 7
17 0  5 4 , 23 25
18 0  11 2 , 16 13
19 0  24 25 , 15 26
20 0  12 7 , 17 14
21 1  16 13 , 11 2
22 1  17 14 , 12 7
23 0  17 16 14 13 , 5 3
24 0  21 20 , 19 18
25 0  22 21 , 21 20
26 1  24 30 36 42 48 , 23 28 34 41 46
27 0  23 25 , 24 25
28 0  15 26 , 26 27
29 0  27 26 , 28 29
30 0  28 29 , 30 29
31 0  30 29 , 31 32
32 0  31 32 , 32 33
33 0  33 32 , 34 35
34 0  34 35 , 36 35
35 0  35 36 , 37 38
36 0  37 38 , 39 37
37 0  37 39 , 40 41
38 0  40 41 , 40 42
39 0  40 42 , 43 44
40 0  43 44 , 43 45
41 0  43 45 , 46 47
42 0  46 47 , 47 48
@

ptime: 3-15 5-2710 6-30 7-25 8-10 9-20 10-100 11-175 12-170 13-350 14-20 17-30 18-270 19-30 20-145 21-120 22-80 23-25 24-15 25-410 26-40 27-3030 28-1430 29-25 30-2710 31-20 32-3905 33-25 34-2710 35-30 36-2175 37-25 38-1770 39-25 40-1635 41-25 42-2710

ttime: 1-45 2-40 3-86 4-126 5-226 6-56 7-23 8-38 9-35 10-88 11-107 12-100 13-107 14-175 15-86 16-110 17-75 18-45 19-128 20-30 21-89 22-42 23-86 24-91 25-171 26-113 27-129 28-62 29-94 30-55 31-86 32-175 33-86 34-74 35-254 36-86 37-172 38-86 39-91 40-175 41-86 42-67 43-187 44-86 45-86 46-86 47-247 48-80

goalPlace:1-16

residenceTime: 5-2400 27-1600 28-1000 30-1500 32-1900 34-1000 36-1600 38-1600 40-1600 42-1800 17-1000 19-1000 29-1300 31-900 33-1000 35-900 37-700 39-1000 41-600

