P M PRE,POST
1 0   19 18 , 
2 4 , 19 1
3 0   12 11 9 8 , 22 21
4 3   20 21 , 21 22
5 0   5 3 , 5 4
6 1   4 27 45 33 39 , 3 15 31 38 44
7 0   47 48 , 14 13 10 6
8 0   19 1 , 12 11 7 2
9 1   23 28 31 34 38 41 44 10 46 6 3 15 , 17 16 4 24 27 30 33 36 39 42 45 48
10 0  13 6 , 11 8
11 0  14 10 , 12 9
12 1  11 8 , 13 6
13 1  12 9 , 14 10
14 1  22 18 7 2 , 20 9 8 1
15 1  16 8 , 6 2
16 1  17 9 , 10 7
17 0  5 4 , 23 25
18 0  11 2 , 16 13
19 0  24 25 , 15 26
20 0  12 7 , 17 14
21 1  16 13 , 11 2
22 1  17 14 , 12 7
23 0  17 16 14 13 , 5 3
24 0  21 20 , 19 18
25 0  22 21 , 21 20
26 1  24 30 36 42 48 , 23 28 34 41 46
27 0  23 25 , 24 25
28 0  15 26 , 26 27
29 0  27 26 , 28 29
30 0  28 29 , 30 29
31 0  30 29 , 31 32
32 0  31 32 , 32 33
33 0  33 32 , 34 35
34 0  34 35 , 36 35
35 0  35 36 , 37 38
36 0  37 38 , 39 37
37 0  37 39 , 40 41
38 0  40 41 , 40 42
39 0  40 42 , 43 44
40 0  43 44 , 43 45
41 0  43 45 , 46 47
42 0  46 47 , 47 48
@

ptime: 3-15 5-1735 6-40 7-25 8-15 9-20 10-145 11-60 12-190 13-270 14-10 17-30 18-270 19-25 20-270 21-120 22-165 23-35 24-15 25-615 26-25 27-3125 28-2805 29-25 30-2710 31-20 32-2235 33-25 34-2250 35-20 36-2710 37-15 38-2710 39-25 40-2710 41-20 42-1660

ttime: 1-62 2-45 3-58 4-117 5-201 6-60 7-45 8-36 9-45 10-127 11-74 12-100 13-175 14-175 15-86 16-129 17-86 18-52 19-90 20-24 21-115 22-42 23-86 24-112 25-96 26-122 27-128 28-119 29-175 30-90 31-86 32-105 33-46 34-86 35-124 36-86 37-220 38-46 39-86 40-175 41-101 42-86 43-106 44-110 45-76 46-98 47-228 48-86

goalPlace:1-4

residenceTime: 5-1100 27-1500 28-1500 30-1500 32-1600 34-1600 36-1600 38-1600 40-2000 42-1200 17-1200 19-1400 29-700 31-700 33-800 35-1000 37-1000 39-1000 41-600

