P M PRE,POST
1 0  19 18 ,
2 16 , 19 1
3 0 8 9 11 12,18 19
5 0  5 3 , 5 4
6 1  4 , 3
7 0  5 4 24 25 28 29 , 14 13 10 6
8 0  19 1 , 12 11 7 2
9 1  10 6 3 23 27 , 17 16 4 24 28
10 0  13 6 , 11 8
11 0  14 10 , 12 9
12 1  11 8 , 13 6
13 1  12 9 , 14 10
14 1  18 7 2 , 9 8 1
15 1  16 8 , 6 2
16 1  17 9 , 10 7
18 0  11 2 , 16 13
20 0  12 7 , 17 14
21 1  16 13 , 11 2
22 1  17 14 , 12 7
23 0  17 16 14 13 , 5 3 23 25 27 29
26 1 24 , 23
27 0 23 25 , 24 25
29 1  28 , 27
30 0  27 29 , 28 29
@

ptime: 5-840 6-30 7-30 8-15 9-25 10-80 11-95 12-370 13-210 14-20 18-270 20-155 21-120 22-120 23-20 3-15 26-40 27-840 29-30 30-1010

ttime: 1-39 2-45 3-97 4-128 5-105 6-86 7-65 8-45 9-45 10-129 11-75 12-53 13-175 14-175 16-86 17-90 18-62 19-51 23-86 24-118 25-123 27-85 28-86 29-171

goalPlace:1-16

residenceTime: 5-1000 27-700 30-1100

