P M PRE,POST
1 0  19 18 ,
2 9 , 19 1
3 0 8 9 11 12,18 19
5 0  5 3 , 5 4
6 1  4 , 3
7 0  5 4 24 25 28 29 , 14 13 10 6
8 0  19 1 , 12 11 7 2
9 1  10 6 3 23 27 , 17 16 4 24 28
10 0  13 6 , 11 8
11 0  14 10 , 12 9
12 1  11 8 , 13 6
13 1  12 9 , 14 10
14 1  18 7 2 , 9 8 1
15 1  16 8 , 6 2
16 1  17 9 , 10 7
18 0  11 2 , 16 13
20 0  12 7 , 17 14
21 1  16 13 , 11 2
22 1  17 14 , 12 7
23 0  17 16 14 13 , 5 3 23 25 27 29
26 1 24 , 23
27 0 23 25 , 24 25
29 1  28 , 27
30 0  27 29 , 28 29
@

ptime: 5-1180 6-40 7-25 8-10 9-25 10-160 11-115 12-270 13-340 14-15 18-270 20-145 21-125 22-130 23-35 3-15 26-40 27-840 29-40 30-830

ttime: 1-45 2-29 3-70 4-55 5-235 6-64 7-45 8-45 9-60 10-120 11-75 12-100 13-202 14-138 16-86 17-99 18-26 19-90 23-127 24-123 25-175 27-86 28-104 29-175

goalPlace:1-9

residenceTime: 5-1000 27-900 30-1100

