P M PRE,POST
1 0  19 18 ,
2 4 , 19 1
3 0 8 9 11 12,18 19
5 0  5 3 , 5 4
6 1  4 , 3
7 0  5 4 24 25 28 29 , 14 13 10 6
8 0  19 1 , 12 11 7 2
9 1  10 6 3 23 27 , 17 16 4 24 28
10 0  13 6 , 11 8
11 0  14 10 , 12 9
12 1  11 8 , 13 6
13 1  12 9 , 14 10
14 1  18 7 2 , 9 8 1
15 1  16 8 , 6 2
16 1  17 9 , 10 7
18 0  11 2 , 16 13
20 0  12 7 , 17 14
21 1  16 13 , 11 2
22 1  17 14 , 12 7
23 0  17 16 14 13 , 5 3 23 25 27 29
26 1 24 , 23
27 0 23 25 , 24 25
29 1  28 , 27
30 0  27 29 , 28 29
@

ptime: 5-835 6-40 7-25 8-20 9-25 10-120 11-70 12-270 13-185 14-10 18-270 20-370 21-120 22-65 23-35 3-15 26-50 27-900 29-45 30-1230

ttime: 1-54 2-58 3-48 4-64 5-175 6-126 7-37 8-45 9-45 10-48 11-100 12-100 13-163 14-237 16-86 17-86 18-65 19-90 23-107 24-86 25-220 27-47 28-69 29-237

goalPlace:1-4

residenceTime: 5-1400 27-1000 30-700

