P M PRE,POST
1 0  19 18 ,
2 16 , 19 1
3 0 8 9 11 12,18 19 
5 0  5 3 , 5 4
6 1  4 , 3
7 0  5 4 24 25 28 29 , 14 13 10 6
8 0  19 1 , 12 11 7 2
9 1  10 6 3 23 27 , 17 16 4 24 28
10 0  13 6 , 11 8
11 0  14 10 , 12 9
12 1  11 8 , 13 6
13 1  12 9 , 14 10
14 1  18 7 2 , 9 8 1
15 1  16 8 , 6 2
16 1  17 9 , 10 7
18 0  11 2 , 16 13
20 0  12 7 , 17 14
21 1  16 13 , 11 2
22 1  17 14 , 12 7
23 0  17 16 14 13 , 5 3 23 25 27 29
26 1 24 , 23
27 0 23 25 , 24 25
29 1  28 , 27
30 0  27 29 , 28 29
@

ptime: 5-1440 6-40 7-25 8-15 9-25 10-95 11-120 12-295 13-150 14-10 18-210 20-270 21-175 22-175 23-25 3-15 26-45 27-1440 29-50 30-1040

ttime: 1-40 2-45 3-80 4-114 5-175 6-73 7-46 8-50 9-36 10-108 11-100 12-120 13-175 14-112 16-97 17-66 18-50 19-90 23-86 24-86 25-132 27-86 28-73 29-175

goalPlace:1-16

residenceTime: 5-1000 27-1000 30-1400
