P M PRE,POST
1 0  19 18 ,
2 4 , 19 1
3 0 8 9 11 12,18 19 
5 0  5 3 , 5 4
6 1  4 , 3
7 0  5 4 24 25 28 29 , 14 13 10 6
8 0  19 1 , 12 11 7 2
9 1  10 6 3 23 27 , 17 16 4 24 28
10 0  13 6 , 11 8
11 0  14 10 , 12 9
12 1  11 8 , 13 6
13 1  12 9 , 14 10
14 1  18 7 2 , 9 8 1
15 1  16 8 , 6 2
16 1  17 9 , 10 7
18 0  11 2 , 16 13
20 0  12 7 , 17 14
21 1  16 13 , 11 2
22 1  17 14 , 12 7
23 0  17 16 14 13 , 5 3 23 25 27 29
26 1 24 , 23
27 0 23 25 , 24 25
29 1  28 , 27
30 0  27 29 , 28 29
@

ptime: 5-2040 6-40 7-25 8-20 9-25 10-120 11-170 12-270 13-165 14-20 18-315 20-285 21-90 22-140 23-25 3-15 26-30 27-1340 29-40 30-2040

ttime: 1-45 2-33 3-70 4-92 5-175 6-62 7-53 8-45 9-66 10-95 11-100 12-111 13-201 14-220 16-97 17-86 18-45 19-90 23-86 24-72 25-144 27-94 28-129 29-175

goalPlace:1-4

residenceTime: 5-900 27-900 30-1000
