P M PRE,POST
1 0  19 18 ,
2 9 , 19 1
3 0 8 9 11 12,18 19 
5 0  5 3 , 5 4
6 1  4 , 3
7 0  5 4 24 25 28 29 , 14 13 10 6
8 0  19 1 , 12 11 7 2
9 1  10 6 3 23 27 , 17 16 4 24 28
10 0  13 6 , 11 8
11 0  14 10 , 12 9
12 1  11 8 , 13 6
13 1  12 9 , 14 10
14 1  18 7 2 , 9 8 1
15 1  16 8 , 6 2
16 1  17 9 , 10 7
18 0  11 2 , 16 13
20 0  12 7 , 17 14
21 1  16 13 , 11 2
22 1  17 14 , 12 7
23 0  17 16 14 13 , 5 3 23 25 27 29
26 1 24 , 23
27 0 23 25 , 24 25
29 1  28 , 27
30 0  27 29 , 28 29
@

ptime: 5-1890 6-60 7-25 8-15 9-35 10-120 11-120 12-270 13-155 14-15 18-170 20-270 21-145 22-165 23-35 3-15 26-40 27-3015 29-35 30-4035

ttime: 1-31 2-35 3-86 4-55 5-175 6-111 7-45 8-59 9-66 10-86 11-100 12-100 13-253 14-250 16-104 17-86 18-26 19-66 23-80 24-122 25-239 27-86 28-61 29-175

goalPlace:1-9

residenceTime: 5-600 27-1400 30-1000
