P M PRE,POST
1 0  19 18 ,
2 16 , 19 1
3 0 8 9 11 12,18 19 
5 0  5 3 , 5 4
6 1  4 , 3
7 0  5 4 24 25 28 29 , 14 13 10 6
8 0  19 1 , 12 11 7 2
9 1  10 6 3 23 27 , 17 16 4 24 28
10 0  13 6 , 11 8
11 0  14 10 , 12 9
12 1  11 8 , 13 6
13 1  12 9 , 14 10
14 1  18 7 2 , 9 8 1
15 1  16 8 , 6 2
16 1  17 9 , 10 7
18 0  11 2 , 16 13
20 0  12 7 , 17 14
21 1  16 13 , 11 2
22 1  17 14 , 12 7
23 0  17 16 14 13 , 5 3 23 25 27 29
26 1 24 , 23
27 0 23 25 , 24 25
29 1  28 , 27
30 0  27 29 , 28 29
@

ptime: 5-3240 6-50 7-20 8-10 9-20 10-125 11-120 12-270 13-270 14-15 18-360 20-380 21-120 22-140 23-25 3-10 26-30 27-3240 29-40 30-2405

ttime: 1-46 2-65 3-86 4-81 5-218 6-119 7-45 8-45 9-45 10-86 11-119 12-72 13-175 14-147 16-86 17-105 18-45 19-90 23-65 24-99 25-131 27-45 28-71 29-199

goalPlace:1-16

residenceTime: 5-1000 27-1000 30-800
