P M PRE,POST
1 0  19 18 ,
2 4 , 19 1
3 0 8 9 11 12,18 19 
5 0  5 3 , 5 4
6 1  4 , 3
7 0  5 4 24 25 28 29 , 14 13 10 6
8 0  19 1 , 12 11 7 2
9 1  10 6 3 23 27 , 17 16 4 24 28
10 0  13 6 , 11 8
11 0  14 10 , 12 9
12 1  11 8 , 13 6
13 1  12 9 , 14 10
14 1  18 7 2 , 9 8 1
15 1  16 8 , 6 2
16 1  17 9 , 10 7
18 0  11 2 , 16 13
20 0  12 7 , 17 14
21 1  16 13 , 11 2
22 1  17 14 , 12 7
23 0  17 16 14 13 , 5 3 23 25 27 29
26 1 24 , 23
27 0 23 25 , 24 25
29 1  28 , 27
30 0  27 29 , 28 29
@

ptime: 5-3240 6-45 7-25 8-20 9-25 10-120 11-120 12-375 13-245 14-20 18-260 20-270 21-120 22-80 23-30 3-15 26-35 27-3080 29-50 30-3240

ttime: 1-58 2-49 3-86 4-86 5-175 6-51 7-48 8-64 9-45 10-86 11-100 12-98 13-147 14-175 16-91 17-65 18-57 19-90 23-114 24-75 25-198 27-127 28-89 29-175

goalPlace:1-4

residenceTime: 5-1100 27-1000 30-1000
