P M PRE,POST
1 0  19 18 ,
2 17 , 19 1
3 0  12 11 9 8 , 22 21
4 3  20 21 , 21 22
5 0  5 3 , 5 4
6 1  4 , 3
7 0  5 4 24 25 28 29 , 14 13 10 6
8 0  19 1 , 12 11 7 2
9 1  10 6 3 23 27 , 17 16 4 24 28
10 0  13 6 , 11 8
11 0  14 10 , 12 9
12 1  11 8 , 13 6
13 1  12 9 , 14 10
14 1  22 18 7 2 , 20 9 8 1
15 1  16 8 , 6 2
16 1  17 9 , 10 7
17 3  15 : 3 , 5 3
18 0  11 2 , 16 13
19 0  4 5 , 15 : 3
20 0  12 7 , 17 14
21 1  16 13 , 11 2
22 1  17 14 , 12 7
23 0  17 16 14 13 , 5 3 23 25 27 29
24 0  21 20 , 19 18
25 0  22 21 , 21 20
26 1 24 , 23
27 0 23 25 , 24 25
28 0 24 25 , 26 : 3
29 1  28 , 27
30 0  27 29 , 28 29
31 3 30 : 3 , 27 29
32 0 28 29 , 30 : 3
33 3 26 : 3 , 23 25
@

ptime: 3-10 5-580 7-15 8-10 9-5 10-320 11-265 12-160 13-270 14-15 18-105 20-165 21-240 22-325 23-10 24-10 25-400 27-580 30-410

ttime: 1-20 2-28 3-20 4-16 5-55 6-10 7-28 8-16 9-14 10-20 11-33 12-40 13-40 14-40 15-731 16-25 17-10 18-26 19-24 20-20 21-40 22-22 23-20 24-18 25-40 27-22 28-20 29-40 26-536 30-779

goalPlace:1-17

residenceTime: 5-900 27-800 30-500
