P M PRE,POST
1 0  19 18 ,
2 17 , 19 1
3 0  12 11 9 8 , 22 21
4 3  20 21 , 21 22
5 0  5 3 , 5 4
6 1  4 , 3
7 0  5 4 , 14 13 10 6
8 0  19 1 , 12 11 7 2
9 1  10 6 3 , 17 16 4
10 0  13 6 , 11 8
11 0  14 10 , 12 9
12 1  11 8 , 13 6
13 1  12 9 , 14 10
14 1  22 18 7 2 , 20 9 8 1
15 1  16 8 , 6 2
16 1  17 9 , 10 7
17 3  15 : 3 , 5 3
18 0  11 2 , 16 13
19 0  5 4 , 15 : 3
20 0  12 7 , 17 14
21 1  16 13 , 11 2
22 1  17 14 , 12 7
23 0  17 16 14 13 , 5 3
24 0  21 20 , 19 18
25 0  22 21 , 21 20
@

ptime: 3-15 5-460 6-60 7-10 8-15 9-10 10-240 11-240 12-160 13-155 14-15 18-185 20-205 21-265 22-255 23-10 24-15 25-805

ttime: 1-21 2-27 3-21 4-25 5-50 6-20 7-15 8-20 9-20 10-30 11-35 12-25 13-40 14-40 15-896 16-20 17-20 18-21 19-25 20-20 21-35 22-17
goalPlace:1-17

residenceTime: 5-1100
