P M PRE,POST
1 0  19 18 ,
2 9 , 19 1
3 0  12 11 9 8 , 22 21
4 3  20 21 , 21 22
5 0  5 3 , 5 4
6 1  4 , 3
7 0  5 4 , 14 13 10 6
8 0  19 1 , 12 11 7 2
9 1  10 6 3 , 17 16 4
10 0  13 6 , 11 8
11 0  14 10 , 12 9
12 1  11 8 , 13 6
13 1  12 9 , 14 10
14 1  22 18 7 2 , 20 9 8 1
15 1  16 8 , 6 2
16 1  17 9 , 10 7
17 3  15 : 3 , 5 3
18 0  11 2 , 16 13
19 0  5 4 , 15 : 3
20 0  12 7 , 17 14
21 1  16 13 , 11 2
22 1  17 14 , 12 7
23 0  17 16 14 13 , 5 3
24 0  21 20 , 19 18
25 0  22 21 , 21 20
@

ptime: 3-15 5-325 6-75 7-5 8-15 9-5 10-225 11-165 12-145 13-160 14-15 18-160 20-105 21-240 22-240 23-10 24-15 25-655

ttime: 1-17 2-20 3-15 4-20 5-38 6-29 7-30 8-20 9-20 10-21 11-28 12-51 13-21 14-35 15-922 16-20 17-10 18-27 19-40 20-25 21-40 22-20
goalPlace:1-9

residenceTime: 5-800
