P M PRE,POST
1 0  19 18 , 
2 9 , 19 1
3 0  12 11 9 8 , 22 21
4 3  20 21 , 21 22
5 0  5 3 , 5 4
6 1  4 , 3
7 0  5 4 24 25 28 29 , 14 13 10 6
8 0  19 1 , 12 11 7 2
9 1  10 6 3 23 27 , 17 16 4 24 28
10 0  13 6 , 11 8
11 0  14 10 , 12 9
12 1  11 8 , 13 6
13 1  12 9 , 14 10
14 1  22 18 7 2 , 20 9 8 1
15 1  16 8 , 6 2
16 1  17 9 , 10 7
18 0  11 2 , 16 13
20 0  12 7 , 17 14
21 1  16 13 , 11 2
22 1  17 14 , 12 7
23 0  17 16 14 13 , 5 3 23 25 27 29
24 0  21 20 , 19 18
25 0  22 21 , 21 20
26 1  24 , 23
27 0  23 25 , 24 25
29 1  28 , 27
30 0  27 29 , 28 29
17 1  15 , 5 3
19 0  4 5 , 15
28 0  24 25 , 26
33 1  26 , 23 25
31 1  30 , 27 29
32 0  28 29 , 30
@

ptime: 1-20 2-30 3-15 5-475 6-60 7-5 8-5 9-10 10-240 11-145 12-160 13-110 14-10 18-155 20-160 21-120 22-240 23-10 24-10 25-720 26-85 27-800 29-65 30-730

ttime: 1-22 2-28 3-27 4-21 5-52 6-20 7-20 8-20 9-24 10-21 11-40 12-57 13-40 14-54 16-26 17-20 18-20 19-49 20-14 21-33 22-19 23-20 24-25 25-34 27-20 28-20 29-40 15-1191 26-777 30-800

goalPlace:1-9

residenceTime: 5-800 27-700 30-800
