P M PRE,POST
1 0  19 18 , 
2 17 , 19 1
3 0  12 11 9 8 , 22 21
4 3  20 21 , 21 22
5 0  5 3 , 5 4
6 1  4 , 3
7 0  5 4 24 25 28 29 , 14 13 10 6
8 0  19 1 , 12 11 7 2
9 1  10 6 3 23 27 , 17 16 4 24 28
10 0  13 6 , 11 8
11 0  14 10 , 12 9
12 1  11 8 , 13 6
13 1  12 9 , 14 10
14 1  22 18 7 2 , 20 9 8 1
15 1  16 8 , 6 2
16 1  17 9 , 10 7
18 0  11 2 , 16 13
20 0  12 7 , 17 14
21 1  16 13 , 11 2
22 1  17 14 , 12 7
23 0  17 16 14 13 , 5 3 23 25 27 29
24 0  21 20 , 19 18
25 0  22 21 , 21 20
26 1  24 , 23
27 0  23 25 , 24 25
29 1  28 , 27
30 0  27 29 , 28 29
17 1  15 , 5 3
19 0  4 5 , 15
28 0  24 25 , 26
33 1  26 , 23 25
31 1  30 , 27 29
32 0  28 29 , 30
@

ptime: 1-30 2-20 3-10 5-900 6-60 7-10 8-10 9-10 10-240 11-240 12-205 13-180 14-10 18-100 20-160 21-240 22-300 23-15 24-15 25-710 26-75 27-605 29-45 30-800

ttime: 1-20 2-10 3-17 4-17 5-40 6-10 7-20 8-18 9-20 10-20 11-24 12-40 13-37 14-51 16-20 17-20 18-18 19-42 20-19 21-48 22-20 23-30 24-20 25-40 27-26 28-29 29-40 15-989 26-501 30-631

goalPlace:1-17

residenceTime: 5-800 27-800 30-900
