P M PRE,POST
1 0  18 19 , 
2 9 , 19 1
3 0  12 11 9 8 , 22 21
4 3  20 21 , 21 22
5 0  5 3 , 5 4
6 1  4 , 3
7 0  5 4 , 14 13 10 6
8 0  19 1 , 12 11 7 2
9 1  10 6 3 , 17 16 4
10 0  13 6 , 11 8
11 0  14 10 , 12 9
12 1  11 8 , 13 6
13 1  12 9 , 14 10
14 1  22 18 7 2 , 20 9 8 1
15 1  16 8 , 6 2
16 1  17 9 , 10 7
17 1  15 , 5 3
18 0  11 2 , 16 13
19 0  4 5 , 15
20 0  12 7 , 17 14
21 1  16 13 , 11 2
22 1  17 14 , 12 7
23 0  17 16 14 13 , 5 3
24 0  21 20 , 19 18
25 0  22 21 , 21 20
@

ptime: 1-25 2-30 3-10 5-1190 6-55 7-15 8-5 9-10 10-240 11-240 12-140 13-160 14-5 18-160 20-160 21-240 22-240 23-15 24-10 25-915

ttime: 1-27 2-16 3-24 4-20 5-24 6-25 7-20 8-26 9-20 10-18 11-51 12-27 13-40 14-43 16-20 17-20 18-11 19-46 20-20 21-26 22-20 15-878

goalPlace:1-9

residenceTime: 5-1200
