P M PRE,POST
1 0  18 19 , 
2 4 , 19 1
3 0  12 11 9 8 , 22 21
4 3  20 21 , 21 22
5 0  5 3 , 5 4
6 1  4 , 3
7 0  5 4 , 14 13 10 6
8 0  19 1 , 12 11 7 2
9 1  10 6 3 , 17 16 4
10 0  13 6 , 11 8
11 0  14 10 , 12 9
12 1  11 8 , 13 6
13 1  12 9 , 14 10
14 1  22 18 7 2 , 20 9 8 1
15 1  16 8 , 6 2
16 1  17 9 , 10 7
17 1  15 , 5 3
18 0  11 2 , 16 13
19 0  4 5 , 15
20 0  12 7 , 17 14
21 1  16 13 , 11 2
22 1  17 14 , 12 7
23 0  17 16 14 13 , 5 3
24 0  21 20 , 19 18
25 0  22 21 , 21 20
@

ptime: 1-25 2-25 3-10 5-1020 6-30 7-15 8-5 9-10 10-285 11-240 12-160 13-90 14-5 18-160 20-160 21-305 22-230 23-10 24-10 25-775

ttime: 1-20 2-19 3-28 4-20 5-40 6-21 7-20 8-30 9-20 10-29 11-27 12-39 13-50 14-57 16-20 17-26 18-28 19-40 20-14 21-40 22-30 15-1104

goalPlace:1-4

residenceTime: 5-600
